0.01641823947645419
0.18994254195930016
0.3667279926970135
0.32408732221500847
0.2636997921616453
0.7429425617770691
0.6277884204386261
0.06901550342769565
0.2307459034451298
0.2994121619066943
0.16678448733722245
0.24469709012465554
5.0671665307922e-05
0.788336065353708
0.513853289534284
0.23907635773959274
0.15854647318124404
0.4832484397267839
0.0001306608076958593
0.7724723793644366
0.7158380125429586
0.18048500467728884
0.38417245930461685
0.21596113908566086
0.5910470647545165
0.2286450543082784
0.28367163139773865
0.5086859162241102
0.30947336617837484
0.901717900991225
0.0005832301658106331
0.4336035199452696
0.10307266489970757
0.44915960381406417
0.8304412934021614
0.6830152777616452
0.876706283857407
0.09783241951863442
0.7614161923500955
0.15140636792528533
0.12657409488844107
0.026815389603272344
