0.392625806385942
0.43449213025719846
0.25622290879077764
0.0485139106695589
0.15989905013713468
0.31244853027856123
0.37705256464485504
0.6359522741757195
0.48871160573335665
1.434749419670922e-05
0.075084868829602
0.31130107203274116
0.645258317112902
0.018965275803658255
0.4245316133972818
0.6019714063087025
0.6483300342014213
0.10577196091257463
0.6787143053003803
0.10645793976482909
0.11247033350937552
0.9167730921192307
0.08105528693513597
0.02951080429984665
0.5604972228553856
0.8099517011176233
0.45796261357885504
0.06315051134515115
0.3962316501434189
0.14369045882559361
0.5227881399820818
