0.4356413490664503
0.5095844222829442
0.9221431230402057
0.1756382967001655
0.005842370879503456
0.3019270738811759
0.7491798867711379
0.819539028150206
0.006531863373294233
0.6169776502302975
0.08995954758139561
0.6445875653073327
0.41268950989409803
0.9101243953079095
0.17460186575793324
0.3263200882351722
0.023123738541617644
0.39897560716304037
0.912406310805796
0.017868426370825606
0.740392692052398
0.00011062894201141482
0.44569773426550396
0.6914760305320046
0.004775806189375468
0.28447039689465026
0.031296436717703276
5.3924581202347e-05
0.8285305524560197
0.8853696345883828
0.09211225414137372
0.9164441829989691
0.18532909067638403
0.46423188443996644
0.1601166852419038
0.08948352499298129
0.23092612160612186
0.6514506994346474
0.4431672711640558
0.46797466184335945
0.25019178629687105
0.9691064793269185
0.4226622237477695
0.5111396173678322
0.4906230550597761
0.8290745386750762
