0.06574632445209307
0.21777640866931502
0.4517362956626962
0.6496797361360294
0.00018337069122376093
0.7968695595521433
0.722011242457244
0.12933987254765067
0.0001838560234681541
0.6633885150209584
0.09202720431226255
0.691855122840685
0.7878104047231356
9.421493190053809e-07
0.8818834101200077
0.5666144389529597
0.3803551804963714
0.2405319782213282
0.9665287280952293
0.8756068578672473
0.9730103222943862
0.9608175011428739
0.3633062756269754
0.2870925885776281
0.03361734295258189
0.3855660946770103
0.280748262880244
0.9624497297643214
0.39072980639732546
0.09269377914779553
0.7016211425755956
0.3753571991781925
0.5920254209253231
0.2445392064887677
0.014672398486264449
0.12387924350808742
0.1474585594192114
0.12135151685078956
0.3199074933583609
0.3450681013721384
0.9517716332503072
0.7505092321384066
0.28949474365141414
0.8826908795196478
0.17403143405037458
0.4736692876457831
0.5557348261994564
0.5537386678433649
0.566797926169168
0.8814143167766348
0.9542538235506475
0.7671435908774398
0.042054271115660145
0.002839227440728065
0.2385247745877833
0.6232767077761271
0.4586928615571836
