0.03485149674306398
0.8477423148587804
9.127451461310443e-09
0.21500348000633537
0.5189478834701996
0.31455343652562795
0.24101628806556108
0.28525380336345973
0.1420588146191526
0.6085527274165827
0.11478814094429257
0.7482252120638784
0.5469129587717616
0.17851687027283758
0.23145369545406735
0.9365686627331099
0.9418304266379631
0.006714375582548504
0.09592499626643636
0.8425684774109047
0.0002708316750830164
0.9763251881701658
0.05868287182889809
0.09582653150009213
0.8843645577565102
0.2523311635655614
0.4740082162060595
0.8850158159479544
0.7441859898887302
0.09443484807696256
0.3819995459084902
0.10240602255238818
0.06490770512932098
0.20842587591371203
0.160140630752514
0.24419999106859092
0.3768162507063162
0.5363823392308931
0.07725805847695555
0.6131842728188912
0.8767089299423916
0.3212898485939941
0.2854874037069932
0.5239623943164096
0.2730825879266874
0.007309226601825536
0.39874697490832567
0.036266935261615695
8.321814681799822e-07
