0.5093448181399324
0.5036575454656247
0.369809078757354
0.584580515409698
0.031156533492103122
0.12058456494200498
0.8368690926682308
0.09905921622104441
0.33450279806468375
0.3126484532051068
0.4939868087731281
0.08910831959931431
0.31138592394248166
1.1153028926624842e-05
0.13393731722289037
0.04771626574276455
0.6127313578569775
0.3422124527510917
0.6948844124927376
0.34638628575308306
0.3708338810060443
0.827929044614097
0.8594139426201611
0.06659604807858188
0.03879078658463613
0.030367746041648713
0.16492114265653246
0.8619495810316999
0.8067771024903636
0.2979862924617895
0.04835017284458254
0.5389817551408502
0.8726559791096667
0.005994712802531831
0.4486415297573441
0.7365519579577711
0.7602465451687297
0.8154705462105503
0.9520794420675669
0.9319062824552602
0.02307584172072752
0.038233535874483054
0.905577621596543
0.4259927196365836
0.3894801061094728
0.41083862524213566
0.6527859403668723
0.7963291234131321
0.898840648766835
0.0002970369891379665
0.07792856304071041
0.782929972193787
0.6412847007304825
0.6507111722440608
0.781457375261573
0.8328337680570512
