0.09877083135350948
0.7714369131868875
0.00011165238440704457
0.2498901424351732
0.7346020890364005
0.2158788769644968
0.3057962730374175
0.04942389779368572
0.44729171768215714
0.7603483691306375
0.35692502565543127
0.7077921360207852
0.6816620245221579
0.6600625387213932
0.5798105706984167
0.8198320037750172
0.029996354897591004
0.37828937607437796
0.004159660836495771
0.7998941976180267
0.23846902227820066
0.3775567987169324
0.07724864588399516
0.42238621001111243
0.26706831601939274
0.8504228847542229
0.5419340840106524
0.3963013888091688
0.45776488374720736
0.0057150537995906
0.2265237349130491
0.5083729661949961
0.5476243282055067
0.3901460104780019
0.21910597055972028
0.04427714637221025
0.9658861071357654
0.7998422930433771
0.767825424885579
0.5500321379793933
0.93362088463144
0.5450953698375052
0.018225560416750275
0.8112590206512482
0.879444408629162
0.41207932668989045
0.04637521649709648
0.2335399096019537
