0.8283747172754723
0.3885927746248865
0.05886160312535281
0.42414661214268934
0.09137840168336364
0.15667603643224326
0.9689362797113864
0.9447528024711509
0.8192455217839272
0.08698221861093722
0.43546717848188665
0.8030153207504129
0.030040598179405145
0.9478402700936697
0.013420800414905676
0.1476921373812523
0.4930697777219327
0.3388849414887729
0.01983378551249415
0.05855903411470642
0.3763163831994934
0.9651625763498948
0.4432277194724854
0.1647309421015999
0.02171386284836485
0.08682460177692786
0.7968073414047541
0.03623997879082763
0.30715864239020946
0.43328640742333024
0.4473137436146746
0.20868637788069788
0.49422283040545634
0.05940516909507343
0.13326041114270737
0.15608192231539597
0.18943284524979243
0.06890210831656506
0.09292873084382314
0.22486790182482008
5.5133214092092384e-05
0.6177626617493827
0.9083863218379569
0.5633949550490494
0.4266138779197154
0.6626556408807145
0.7893948283022307
0.23488965069057732
0.9880282822834925
0.5384541089160109
0.5573149811504244
0.000111231661219513
0.989622477039863
0.21998787665432912
0.45027952799171606
0.5935575402446968
0.020363225231308624
0.7354937706032594
0.9360763209040918
