0.10268161059730829
0.04787886813477704
0.9705388697111814
0.7403337747647698
0.28025072150442165
0.11758413119665437
0.26684896099724065
0.989679608500128
0.9531508233650658
0.6935624845963552
0.9203217102624461
0.8117228650605948
0.014380939500237666
0.014035985300473452
0.09325367381968346
0.21949307881937274
0.5296233400130738
0.9496134909525921
0.36606432732209787
0.7124164439299858
0.9052959956662398
0.5504464048147311
0.6184333557846609
0.7022570711917157
0.02807627309481342
0.4815187516785917
0.276243323943697
0.4105253513718996
0.5099115196533618
0.6277827807487966
0.9389766472825688
0.019152813186423093
0.18104764589352196
0.3427487325445989
0.14038314388490902
0.8064220033045726
0.5942677518562413
0.7779058006403754
0.6497808404051308
0.61832644317968
0.2589417514679164
0.35741921238502644
0.3244989626160171
0.638528513286986
0.6946788775723194
0.8209479469065859
0.16548421926326573
0.3581379912555578
0.019938929481682226
8.150815578034099e-10
0.9187026565127894
0.5172109251757118
0.6501808079693829
