0.5052308484868037
0.4782658183251296
0.07190428971706209
0.1068697195392668
0.15416865375162958
0.9532660894472327
0.806370760615551
0.6246593910906111
0.002826964934397862
0.28037751605836636
0.4863330183785822
0.5697306080171021
0.14897028805130694
0.08459404656703506
0.449864416028716
0.6468274225979718
0.20917893302833465
0.0022811674296920365
0.3021856456846967
0.836447071158725
0.9492182329043259
0.5057725999362337
0.7992329732379735
0.35815692962931694
7.571783211535177e-07
0.17400230985793036
0.8109379050075249
0.39686962589205166
0.03035845863072595
0.3754987246233463
0.4014534720614522
0.49033762504383
0.15854687175926505
0.9083538275731295
0.45706607716100534
0.3904860453150096
0.6419344405547023
0.03195990248001079
0.84692159750341
0.9953589672311041
0.04016581015929899
0.5893739969512866
0.6917149114895229
0.7055579363161689
0.5759852667124827
0.11849039608499634
0.006752986915182162
0.5051381505218748
0.5973857529310653
0.4219883491324883
0.2856364983637334
0.5700468306468964
0.9176590811462493
0.01621156644122146
0.037769306363939936
0.7953446270489167
0.2744382252834354
0.5571362759813967
0.030960782372369426
0.0015998147854778821
0.4041656222575436
0.2802051611061565
