0.2777860060098951
0.05450850425379193
0.5856444788241028
0.10929792714957005
0.8722463676895016
0.45408091959151853
0.4640318913490604
0.03047668386501967
0.02685003208795476
0.7027843801238172
0.1618172475435622
0.0031160130851457524
0.19270439547195178
0.41032509134342926
0.48489412348634653
0.5099130175408053
0.823066398719126
0.7697432442636459
0.4600439485126544
0.6185932515642213
0.10773057077781845
0.07068369740493964
0.7387398347832823
0.00038434083577297085
0.9092678524623977
0.9028681422682301
0.665252833739487
0.7630645051716617
0.34466113869851855
0.6380327042971856
0.9029280750468731
8.435290909524875e-05
0.887181674988138
0.11093217564203095
0.0009148068819839761
0.4835709442031687
0.3068699254457685
0.13385709965459291
0.061008906014691666
0.9578170473011856
0.25877895595350675
0.6843044300104573
0.15862407746406146
0.31088118913172336
0.8462640725015977
0.27336305306993247
0.5744061397398177
0.3603090055511515
0.07974379509804816
0.37370099749095287
0.06261896070028883
0.06755677596738781
0.2243297780516117
0.042472996509588024
0.6624932985004686
0.5094892574191661
0.4477488644761094
0.6089363298221209
0.32251680543983974
0.5285487710078833
0.12911895201360823
0.3278452116974824
0.541044854260923
0.08523760555724269
0.27761869003275746
0.21650847115235705
