0.8445314421289083
0.287607322347211
0.6032826891174056
0.07448414471944997
0.3831428901424172
0.32587651330638534
0.7772701742171209
0.009518661919706692
0.1739653881474512
0.2597746752479262
0.32054186794831613
0.16842580287558317
0.4723739017633959
0.6854749075406864
0.7936526640998323
0.9890078579517567
0.04768723377075812
0.021484088166805027
0.8618787048862165
0.04286313304469722
0.3617023675708744
0.37711744374951417
0.03644564032514688
0.16236857564051355
0.25751834999019213
0.11965314140914796
0.2937267766041318
0.00419049220747024
0.8306393566497792
0.14387535981653676
0.041208873310294214
0.17682252612927973
0.2946662273540513
0.5096791672002778
0.0007996051933298887
0.6639586881719289
0.12718618764878253
0.2660981018103492
0.14146118045875186
0.5487632523900048
0.5009700675852111
0.2762160721413647
0.8773944985348672
0.3321915898054643
0.009390841553287468
0.524801201781629
0.5454452923860971
0.05109792221195602
0.6888419007009979
0.6884286532627504
0.9303029448089526
0.24509638774133832
0.5083312338360534
0.468173891976603
0.0663844641982126
0.9341813195846673
