0.07688495136008533
0.6537101687080986
0.7826295677728754
0.12403144343377304
0.6779102134752735
0.030966462643087445
0.36313787696670197
0.8722650956858571
0.7196428029166094
0.9759569863193298
0.6374394573960809
0.09127150028790616
0.031856617183362614
0.7626097746635069
0.5942262745542609
0.2263481279113553
0.6471521275734646
0.0885742057351997
0.0005084262259463153
0.5197046301853667
0.3208601322391727
0.12278807466091181
0.9501823925050953
0.8590702461035877
0.09213662701929096
0.3893830480241849
5.33649436643326e-12
0.6244873150537353
