0.33728599985457947
0.012426613819733756
0.6856849422241931
0.9178684644348738
0.37616303609906643
0.9792096349054994
0.04408308906963887
0.30058547030937316
0.3281320346561214
0.30671988590873267
0.39072097419940266
0.1722284499330484
0.3899784004329021
0.32198388124556576
0.14907279338856574
0.16871458564464392
0.9875494080158518
0.19716197063089713
0.8386859298271954
0.38360196075331454
0.007511144580637434
0.49949210296740376
0.7769815593847555
0.017763094805022195
0.09223112774253406
0.9070287014761025
0.2591399053527248
0.8281122466627615
5.1321773784751556e-05
0.016723532101770466
0.3470760468615848
0.8902061845538869
0.29140630489226504
0.7671911837090755
0.4822148827196435
0.3878222902610695
0.2724956758750352
0.5082346321484259
0.21018406627660163
0.6474532890608008
0.9374417631280221
0.37966148439900227
0.2076890618824918
0.8564373009829592
0.8464508196829824
0.22111259071781775
0.7422237380774634
0.2723543387621298
0.4299027635402765
0.06708072282913445
0.061605176100358205
0.2862815748074544
0.9496064546715195
0.29827336349144695
0.39646320451878825
0.7499770058677171
