0.8397224436893789
0.024515391245833573
0.8188633081856675
0.6473115448586579
0.524353672432839
0.11360650698788355
0.9197369930300221
0.5775750552897818
0.88843909140413
0.0002382792596564709
0.3615586997575193
0.39135668577303506
0.010421563628165487
0.6223416400981197
0.42257991640582904
0.6972691583499919
0.6037815633081824
0.0384169529756484
4.861424245383716e-07
0.09123425078295488
0.46497046465214087
0.18246852179820466
0.07232875318960774
0.21908350404908838
0.8554833585477017
0.9098507656062395
0.18040025530852022
0.03589859541717888
0.16018282944939055
0.106191294153682
0.005623832784600102
