0.3580664300432256
0.3160177599568595
0.7326134414795848
0.9106341720434392
0.15172218694159323
0.2525120081510883
0.17013948039183896
0.008654048039430151
0.5504406312017631
0.8409002376195298
0.16807191498791746
0.49941074139642927
0.9942429479566111
0.5134090806693821
0.28574802295749524
0.9224630454497665
0.6495904907517144
0.7400522608240154
0.0035058164463077635
0.5849253146620895
0.827422697295453
0.6477923371465943
0.8832792738173955
0.8089774761264499
0.20009320491788474
0.8374321104490339
