0.572792154626244
0.374033197735248
0.3850167868395309
0.497611300995233
0.029394993797630553
0.8107882659321668
0.7729132771718457
0.011650929161071709
0.7666540695659354
0.7293479643953891
0.03185902603515722
0.5774006677710488
0.9072863777619012
0.36966161596307345
0.8275953445695211
0.32178568720114953
0.07283368222183745
0.338191524101974
0.10291892124934687
0.8795844466081586
0.7049837149841358
0.5365105800859197
0.09022217972809991
0.704715185443918
0.6087882074820887
0.08376545871588137
0.542996150970211
0.26679160074783237
0.3290000267022519
0.006751277580761439
0.31934204946968703
