0.48717726212770707
0.22112391880967142
0.9692312805397607
0.6969322179206685
0.06555956141819114
0.878393103934415
0.43391164056478915
0.6454710584853398
0.13097850047860243
0.9670133001798955
0.8983236952317426
0.6333601737764695
0.2135833935308
0.4215207652184503
0.5467162658292415
0.5369802147320624
0.8834453276158338
0.004718568959238479
0.1794926402178867
0.4055591262931923
0.9464112568957312
0.23444483127008686
0.3274331015843823
0.29014432235562504
0.3310649336336247
0.44239678899081425
0.4650230928147365
0.44022599920193567
0.8530562713518601
