0.4787723989874999
0.36811344610976005
0.12113570365071345
0.6369625262440093
0.9223221888800895
0.004108695056597567
0.5337987151929076
0.8335660227971842
0.48341489133427307
0.366286787289793
0.640841436486973
0.23079195566459743
0.17401213220851264
0.7563150879911144
0.4168712900330711
0.23623698952806307
0.8537899744297779
0.8697223675260299
0.5345360363952956
0.1198751209505413
0.004791803816370566
0.2752610614725306
0.7111629622904367
0.222228688228855
0.7936537915358888
0.6181182064703519
0.9150930667140702
0.4836517848509816
0.30387268648578003
0.9622327602474576
0.36399625335458036
