0.00016577154115950403
0.27755773236137826
0.44655843101992976
0.4360596986309268
0.5126129007559083
0.32633182779495296
0.4945035857200162
0.07374685023483374
0.6130334901312989
0.05987059798376611
0.7783575851704843
0.47292690138250415
0.08770891968041727
0.4849941881172124
0.8882023934565053
0.7037331878364301
0.37674614436657383
0.035346036217435026
0.8005108432397592
0.018597771977570288
0.322727310761819
0.5968562790504985
1.0142869050121784e-07
0.11711410125344657
0.4899115325751715
0.0004981275198921152
0.5636120538221852
0.8153329380829468
0.3717723483296167
0.058518900537122054
0.2863765041163302
