0.6040327751545661
0.10204254685811498
0.001797885446693126
0.6750660966688078
0.778949126773316
0.049390580647815624
0.21076093589329536
0.623579870240734
0.21029413040556433
0.5171263600364996
0.1455019903541391
0.8380821872385555
0.20098408423867586
0.15766567162898432
0.827921916227537
0.7283506286138121
0.49298147632541856
0.25217213874597766
0.6048720173582709
0.8714929372642308
0.4873370879647635
0.8892924141269505
0.047263716526624415
0.8634537241811747
0.12499170414974299
0.06644257053812419
0.05775088624119773
0.2865913247333518
0.5174401985228344
0.3788572256043008
0.7631947266400264
