0.5635345105000081
0.05579180262362993
0.0011020213901160592
0.6964232082188591
0.11406470394764523
0.41913817413725507
0.5531836303936961
0.1800339435625944
0.46688636248279725
0.5436462827232259
0.7068038314928601
0.40099530732465427
0.7878495327336821
0.5262674973972932
0.14055419762873925
0.3376529454680307
0.6367714041814749
0.845985197227401
0.48909136922769236
0.47351356941449785
0.12525825641949262
0.9587785894892222
0.5877780424179981
0.6871680443328084
0.908942113701027
0.9510385639125554
0.3278855406854472
0.40612573246319106
0.9440687294494556
0.10495817013042874
0.0017772188518969847
0.15272992440588204
0.001713328378684749
