0.4871162758453187
0.0061063264361789415
0.7263841024681279
0.5207268197221826
0.5063673048574366
0.45756153703989977
0.7585771092099034
1.384233240593889e-30
0.9474713203542589
0.05145233851908371
0.6812753884195383
0.5327135553727295
0.9278467095393093
0.4962430538477838
0.8157220364870323
0.5584812166284808
0.2505911222608905
0.6820888200499686
0.7854588400249418
0.4582725456593477
0.05242973549293171
0.06641597995050041
0.12878154754250137
0.8799512477462786
0.964203945557718
0.9582184141715061
0.05613269219013017
0.9354385258331519
