0.022416511172328284
0.9461379555516505
0.2796309939896184
0.11550628978774691
0.7376462674720234
0.38836937375941893
0.7667559001644852
0.47152937506338843
0.6888929825327301
0.005375928937917095
0.8137458951257553
0.675644295228871
0.9439750279749335
0.5491958420865535
0.40048153897945116
0.029997973116896386
0.5739613523611651
0.6316527174149804
0.8935953274266263
0.41339414537433417
0.23969704748726706
0.6711246806476442
0.11034220601033744
0.9076473977678665
0.5882466630316718
0.21450431549218196
