0.328186043975741
0.1909313837845616
0.8604095114063088
0.8004893154976489
0.38007763212200063
0.03263171930340782
5.3140339713323094e-05
9.417809197538399e-07
0.9938421773032269
0.331458587902276
0.5294740386645189
0.7980900312736017
0.9482284786629662
0.7458922578592335
0.8298692894118268
0.9481051894743983
0.28237338690155345
0.35787131448545734
0.003970345045377632
0.2965805507796954
0.5774138346104278
0.973528674295319
0.591351336334029
0.0349093060509909
0.0012990589777421885
0.1567225043056355
0.3963352131181333
0.5554357937637927
0.5995174143183943
0.8047852505709648
0.7503910062551097
0.0017147291441068635
0.05360048291166408
0.4913203346783668
0.0890842584402336
0.3538697219822271
0.3678346405960675
0.3907376388723278
0.7104698512283534
0.2551193213743574
0.2531612729230768
0.6205502511402335
0.14050386676896853
0.7699425352941655
0.004248296024062181
0.00018351004275141136
0.030774803999570555
0.537667191123616
0.752309527923598
0.5977375562713857
0.9692487138330269
0.4068929903198304
0.6535540343800172
7.618019972621681e-06
0.7438298779203328
3.1952218648712005e-13
0.1671376162559839
0.1074427188311804
0.6083858767763253
0.457548354783063
0.5580444751224549
0.7747847268156114
0.2952659452080188
0.4221558809982906
0.8801256532326434
0.8856784742699668
0.38490725969456774
0.9994761085826832
0.9942740401852748
0.04147176793112057
0.1858537429806956
