0.34354495200183943
0.5178643515832193
0.8619968997126393
0.1779286291284287
0.3835900095314193
0.11447454180580463
0.06437545212886844
0.3194436905921023
0.7302415389281934
0.5979415554425455
0.07691523261884857
0.2563571360083896
0.6309854827361047
0.3846039639366994
0.3043395060791223
0.8750337634524049
0.004576748675983566
0.7939572631586309
0.14885715460573812
0.5756990852658765
0.18963438786171322
0.5231375830152916
0.46005132951640193
0.9264515973596217
0.3054513630717295
0.4833644243232551
0.6170835314808376
0.10471079031791586
0.2401736803492307
0.5452197422337273
0.7929174097220625
0.21397662667477002
0.038684482665826136
0.8782466860284526
0.1134099214951295
0.9597170277097845
0.8561313721642796
0.5203206903625
0.0373907853226188
0.9226007154953397
0.556195354946969
0.0062126147020487065
0.00203886197095572
0.021636285112260234
0.10407580884928103
0.010551454041165047
0.005890723867864267
0.03256484171528243
0.1267279569608697
0.9965933281208008
0.004171905908110229
0.8740694361075184
0.052315996356324446
0.903562159899687
0.8602173940346696
0.26457063710781714
0.25527554818200193
0.31883074080904183
0.944479219365685
0.19978964319408887
