0.7438267487704104
0.25735987952641604
0.7620284621532913
0.0002638129275287504
0.3640189281205539
0.050428056983228275
0.2405945129676883
2.390376380526458e-05
0.00035037375464798306
0.38242806938537277
0.005851336758876391
0.6310117982887868
0.10327762460124415
0.1000265141062664
0.9455669641764084
0.767235579796792
0.5305638911598431
0.7749305426771496
0.025239998728654456
0.5523506555591846
0.3586471527569468
0.51609517393321
0.6555581952539505
0.01603519066971918
0.7771807168138951
0.1264529263848786
0.11353579067080945
0.7903493695023927
0.5784360231998655
0.6908145674968829
0.1875258758279681
0.6922029748018658
0.851632869366623
0.2917508475050963
0.034268572202728574
0.9159973747385921
0.9422316332419263
0.010358767254792678
0.0035587691166469025
0.7682155338450762
7.913666713736318e-14
0.30882010496108525
0.017635311011544808
0.6438225786362376
0.8408247159550128
0.12255693980789222
