0.0020119404512541905
0.059399842862198904
0.0005876981277315174
0.17772111459490536
0.37683930950298267
0.37877955868160695
0.9536138977068483
0.014280743522399941
0.6615850835109609
0.00012832301570608884
0.5773852337363565
0.03861711697180912
0.03865919130004447
0.1361546648801042
0.4727096189345448
0.64134003402567
0.05984142450464347
0.00010741659131241477
0.11579598474004493
0.013281431115988118
0.3137956054399748
0.04071296389548218
4.367792720838537e-07
0.0537207621207163
0.16499666310744954
0.0004833154208252477
4.7907563471838444e-08
0.2575865955796759
0.019457956228870366
0.5779115485862907
0.00012142228127065557
0.00505330982464125
0.21066211840881488
0.13660038531503838
0.010379381462421344
0.23647482154486976
0.3760529984261989
0.000197817553208246
0.1417027105212123
0.004845196658059381
0.3335388935277319
0.36024814893099744
0.012555413973588614
