0.004708879317919967
0.22713899298802964
0.3573815111517211
0.06555737310133483
0.7490764584773348
0.018455482544911028
0.0011268380214335405
0.17776193003187912
0.0007394672144716008
0.5785755053413082
0.052067473912923434
0.37479090357833045
0.13468297669758944
0.09578610258810505
0.8446482370711191
0.9262447937559994
0.11673646053104525
0.4053989135669677
0.12342800023481637
0.5347167782820531
0.8100496874297995
0.6076785319166242
0.0933367232529648
0.14538204763787643
0.6928850016667834
0.8553467045684845
0.8317737088753674
0.7133975003726766
0.11330683754785187
0.0650656080724344
0.20779145360575146
0.6958945573200837
0.7926443189403325
0.6021142157238535
0.39054167427576236
0.8547191305480215
0.6065946922438747
0.746458309245085
0.4313528274434027
0.0008416964725956877
0.06313522184335649
0.014420593369380409
0.5976231522508144
0.6968769745785037
0.06418849569805185
0.42214694305721423
0.2540612995734679
0.5738689544375533
0.08189228055122744
0.44418701603364963
0.016068892581193372
0.20690933095138786
0.9246733279170458
0.7198555798397459
0.1627877217396736
0.18211455371559804
0.4618640624206816
0.7594075194330393
0.060717960308503974
