0.24540500546326582
0.0003777675527183444
0.8236930203595442
0.3894642635124872
0.0570971745690072
0.06058109165324854
0.35188385284677026
0.6191130665761738
0.0
0.8033204329399157
0.367130862114758
0.07891110309149973
0.5322776245582035
0.00012530332801286015
0.018497274918703344
0.187435884093067
0.02407667259977342
0.013437225887543702
0.950293848905434
0.0001535657587687922
0.2346634391876239
0.5324075699641089
0.042546262083650754
0.9344321185975011
0.8879181566505155
0.3522557678717977
0.09397520105732139
0.36100581079750427
0.063525668949024
