0.6926371282730002
0.9411556997551942
0.002317221708820066
0.16380155645095718
0.16719141880342117
0.2958779294597258
0.33115385905338
0.023561204975638184
0.6875261873772383
0.15211199844601167
0.15103040235435816
0.0844602391997773
0.7963382883715372
0.7744621426577218
0.008306286713877009
0.9364559233982467
0.0027418005100336984
0.11953862231846535
0.42063845289510304
0.07198092153738653
0.3780352462893741
0.2949009427211084
0.03181152800628836
0.830680402132021
0.05094794988772966
0.5569360265169386
0.4479471193146013
0.2933799264667321
0.6624714564215171
0.9569193190852214
0.6495609035754477
0.8369937930599398
0.7200169987275191
0.4446943299097372
0.9791403248016035
0.0824605811320163
0.00029473230874388356
0.2349730358766111
0.4920917195367831
0.576968778900173
0.006014297290228307
0.6135875075662435
0.46429626936071977
0.3517257419505887
6.93723123390555e-09
0.4586202216597548
0.6002975767173735
0.24302011932069328
0.5988519153907628
0.07500117031564879
0.5133906613919141
0.8198968489152318
0.03774536703278226
0.08007547663290127
0.5444540969545457
0.4296542316399036
0.004003777807708442
0.00023170333326016923
0.00016989368815245598
