0.08420418200907198
0.28540432336727783
0.9386162983936174
0.11044498090555847
0.9278829211015059
0.27830719715110996
0.9199832366116423
0.8162957577025372
0.6063402212015561
0.9113977536758284
0.5983808814111751
0.019590537195559858
0.26456063775638783
0.21804943321083048
0.35330652463851614
0.024650770906621232
0.07890108965621252
0.3599808284447263
0.7240642845940447
0.14686973214926646
0.6580650611377727
0.9365258025183237
0.3171643099185104
0.3958106664339984
0.29644493690852025
7.195755159172812e-05
0.10615595443992043
0.2969074936704359
0.9572213408435436
0.45774048911257315
0.4728996953517148
0.7796198610103929
0.36103273897756266
0.359176547579606
0.4542576677120193
0.39355917775878013
0.801473988806952
0.5659925132850328
0.0033931419843592795
0.49053409853732866
0.5313259686401299
0.3075611808055636
0.19617848381897138
0.917928599415277
0.18787056356830933
0.28527065673248947
0.6307837965843941
0.3798556977980331
0.6797157582766928
0.10867350786873153
0.9967907242226632
0.10306733151094825
0.015301439655902927
0.0793726262946875
0.43464041242994544
0.3716445998719562
0.903490786852412
0.0009109149761531069
0.54057802220817
0.8241838189817288
0.22349884561210076
0.8526249826966936
0.000995812269879659
0.9400419252463663
0.993648838792569
0.6146017750908488
0.5644540617846399
0.29709673493361466
0.09859161439063441
0.0006911896360406455
0.699275959654649
0.023974292133366992
0.6709149449182956
0.4709268500105607
0.1914511608678804
7.587378328244299e-05
0.07571392816714795
0.21341057580340905
0.4775110298757503
