0.20118988915396474
0.1015265378225697
0.8360464988014151
0.28733677226926124
0.3674591780569352
0.690672914543319

0.1120793688148436
0.7683492467830852
0.06961731936636631
0.9053997239807475
0.8621381773341963
0.04945023674518867
0.3731550667771244
0.6650906916023089
0.9062533208943427
0.9656064062889016
0.8749480253103543
0.7464303437873784
0.4296640514006546
0.778529751687042
0.6927996545526101
0.3554919603627109
0.9568322270370615
0.9409878897242161
0.22849714595325407
0.8145206579083071
0.3282794198965189
0.20754794377292285
0.8972574085584777
0.7106003694975009
0.7836697813055814
0.7242869906778548
0.5246671163669181
0.6907571863463526
0.6316105746096414
0.7112064481281641
0.9886924764626096
0.47221084367076704
0.3745396923099858
0.17381556760529482
0.6558571862005727
0.7438781713156605
0.47042651670303526
0.2009520454586211
0.07856569731056247
0.15630880274988557
0.5816967790657153
0.03775728130870967
0.2846135812830281
0.17660096848184637
