0.34063979892654017
0.9438819474632372
0.39846525350846096
0.023726345579067276
0.5214111354147076
0.6370013199855868
0.057386379948437545
0.13943621619311997
0.5540848427890501
0.3712437287227032
0.16378506659408587
0.1567285111072078
0.9615525007424555
0.23509999958716388
0.913941536013881
0.38629293457017866
0.5344283068429123
0.03799904350202393
0.4859135052925203
0.9160255816644198
0.8897565482526875
0.37295273638746873
0.16775082067759928
0.335780418724307
0.2250817903852962
0.7098969686471763
0.6224960725785613
0.03714708335275385
0.6017089052482694
0.6754103945479832
0.4402742747797972
0.7282248516546441
0.7188099114747584
0.2080601810738003
0.5810812928926299
0.9586033927065084
0.26312134272164944
