0.7841904014205971
0.30638759196213927
0.03782477568549608
0.8339348023397509
0.04402789493249887
0.9024787551930344
0.4232797897707161
0.19910105163028247
0.49709254603325437
0.3938963562885822
0.9733376881052469
0.30064375122834086
0.10365768190475833
0.30786635806339685
0.8785012514675267
0.6393347106885431
0.7034761851960931
0.7961791865407647
0.5551939556837862
0.5360409105316803
0.8745095265928782
0.8299159223324877
0.9336791724205454
0.4294132312409784
0.9503355245755465
0.1549804859991672
0.6050981395824366
0.03726273317826445
0.7754919547224168
0.5483425110749539
0.71208983889522
0.5168719824607513
0.7706833545195687
0.47170240593501817
0.20468577962536982
