0.07469670362430325
0.12588822909870848
0.98569123710225
0.9235610392867017
0.6476322458453183
0.012954774146859811
0.3661416265249606
0.23387956879407776
0.8972178291699873
0.3601793995583779
0.7781933818842002
0.04251522097043847
0.38105204282076155
0.49886021646570944
0.5354776658485517
0.18425433034693023
0.9158602416445457
0.8005181937586057
0.9253274079623781
0.7695917987426708
0.25248384511687205
0.04124516010463486
0.3075924396229386
0.7155072612298639
0.07400830797597771
0.027085086943390457
0.8926986140685909
0.5433868635106819
0.6463171586446536
0.12976810492830965
0.5688560539220328
0.5776293287708032
0.8353796892838182
0.4113232041126892
0.05264926819408622
0.49501401367245856
0.7920788189041631
0.9685258988259583
0.22626778198920783
0.4237126589968276
0.31851306937049584
0.11199376295035632
0.036240667189164855
0.5033212131761136
0.3713037924227238
0.6222266019537577
0.7952960776588327
0.017780955079754985
0.41101941968977984
0.2950766705531298
0.12168657242572872
0.5226364461917345
