8.176144856708589e-07
2.6954058668815506e-05
0.5550515632583126
0.18938025821540272
0.5646305355293766
0.46793158119995765
0.8975842141222057
0.8458573824171255
0.9212530257559467
0.9310937775448351
0.6957135977882773
0.4868814848654419
0.24188427418308933
0.6332879725179446
0.00015850224214641884
0.11977228934410045
0.10428236965133691
0.8252976604973683
0.9864777129425958
0.039423412986573494
3.941041913026494e-15
0.8595994123611903
0.7437727676048312
0.02254454684059204
0.3474154492931594
0.9891809423069786
0.5194094544404807
0.7635714608504924
0.020598431938003477
0.9713673521201405
0.7794042618686319
