0.35519471539719605
0.007870212130531407
0.14457692841323322
0.6722075319401617
0.013646242660599217
0.040121701174986195
1.3407345900162682e-08
0.6275211507548981
0.023280255354189233
0.007587162355686017
0.6236380133650966
0.03962962560113555
0.05690132145175997
0.5697711221954878
0.9213002975430025
0.7924329402825849
0.15907714551560967
0.33192680004964137
0.11797570359156759
0.8253298828318879
0.5416907582433365
0.6749389958120107
0.02127011249599864
9.565118208598733e-08
8.246786582732923e-06
0.5976692512859068
0.8875224746622495
3.0297228290621092e-06
0.695883020537117
0.5912613136008742
0.8621169410189984
0.12770592846743756
0.35591475537341466
0.13932822165760547
0.33408678801552166
0.10979330507705935
0.9162439081688689
0.5982303497435041
0.4824478326816283
0.8708290005762578
0.7885550854045555
0.404051553330947
