0.13710891858967034
0.9730414519810568
0.33907954911837623
0.817712930422808
0.2432457531967662
0.7088506371432761
0.12731405398382312
0.7350765271269969
0.9983624764541419
0.5629393099674195
0.2119751417217226
0.2992413970864196
0.155171518458735
0.8223747384997295
0.6762014628880901
0.5877259616777614
0.7472112746048123
0.055794035378949
0.7137269037831007
0.5357203691680699
0.4046431917584499
0.8018820432355449
8.850520316627808e-11
0.5017507636055851
0.39924666230969036
0.23986162922230703
0.2753221434071029
0.9197312527963231
0.7231184669841428
0.03464807197431851
0.6039531613620028
0.8764972403623095
0.3181063259557197
0.6675725661882341
0.9234592902706611
0.8050429553447692
0.5955218034138756
0.154686201665367
0.49472317639878827
5.731464403080366e-07
0.2614795178514789
0.9061337829141975
0.8131706693776841
0.2963275371035108
0.3417470607310325
0.6614663590509837
0.011514323731160792
0.409673364993307
0.8673798119091769
0.8396000967074203
0.06023422578060478
0.8829213669979854
