0.5974610321694134
0.0070306236345338835
0.2756516503907329
0.9626431060095957
0.5255899911384114
0.04805910163898761
0.19588143767283578
0.6475466431035822
0.5245180527319707
0.2783662106532479
0.6692554349635698
0.04586663913529132
0.006241857342912594
3.3240077357277187e-13
0.48401723609514624
0.810438166393876
0.2572368356141631
0.7056023185048262
0.7395820471877983
0.662223253496381
0.5165780327712028
0.32756323094778517
0.7003724956031143
0.8719025474666733
0.33784648063319367
0.31890959601344987
0.4881466436791642
0.9593998101191308
0.2345302061758736
0.04952949362840348
0.31240540294992863
3.9270804553694274e-16
0.0012450420294906777
7.706650751985138e-08
0.38260421263578936
0.27520301892394217
0.2134332260934675
0.7565408186471778
0.3174452116542903
3.1245461773465877e-09
0.11518906278642205
0.7915021703376808
0.07480128020943717
0.37504665389408753
1.8001998881956739e-06
0.024878084587235172
0.203861204897722
0.6526248203316232
0.015369104499261432
