0.685921082985891
0.12660675411761743
7.713486714688855e-06
0.2661572110176261
0.361812304787356
0.34697312392405943
0.3221213127740557
0.6081713447788468
0.5934484865360836
0.35700627524620554
0.4879318182346357
0.8723805130612482
0.8766230911074
0.8248150566015526
0.2948349895420075
0.8990203833416215
0.0636845618017654
0.9680631083577027
0.08252977512620689
0.6138003640732529
0.0005133674037591796
0.15552177901200914
0.7651149067501619
0.22738425044125177
0.5676555974933066
0.8118878723697367
0.6068244803916933
0.5065609686355792
0.8377498664814319
0.3743633228983387
0.722244246295942
0.12503160147595271
0.38627942867538345
0.13046250870628384
