0.953222651456605
0.5697971123895393
0.7129732138355784
0.21232729163913652
0.21410904568636302
0.4489284151515847
0.21510192100902298
0.25040806779092684
1.182792530585175e-09
0.035834045895438066
0.7694914308382278
0.7672058612312528
0.21386645345802563
0.13734749273710722
0.14088700371669957
0.831942149390015
0.07325905776833816
0.5405378494424113
0.8525753401946499
0.04540279757752329
0.2730744798573419
0.20546023477586456
0.5591086388137813
0.90979826821323
0.5072301203907453
0.10903248219693218
0.20876334763691662
0.44908012728890606
0.013780295280783728
0.8780643985326254
0.65994159902968
0.14249511970188372
0.36202638992323893
0.18026233384484824
0.9953958431182044
0.05856498055925474
0.275434932455898
0.41093642871140856
0.3448359237036817
0.700681191930967
0.0009212583302691617
0.7230246906453777
0.7919380919994887
