0.9171271034359016
0.09546495462200122
0.5305004513159809
0.5409545277361729
0.2539399899606909
0.9627319863999548
0.06795337617285835
0.7644327475143591
0.11060618687917612
0.0014980326880595918
0.32077508950523703
0.5203016905945737
0.2715752545236651
0.0839472637971419
0.06670361963585902
0.5134493566376026
0.13351002811383883
0.555498482754863
0.9913892366090076
0.8354288419321064
0.1451131332493365
0.6927997163919091
0.3109434297300342
0.21806132929355915
0.10339689696001764
0.704202064668332
0.9971385770828302
0.4713410108758258
0.2601561851737273
0.13448619876372736
0.6492375752322173
0.5229814272114579
0.006083343923386497
0.6904334316273248
0.8310082114719186
0.31601826592046844
0.06251475846403531
0.030779578636543237
0.15753819993266616
0.21528739383132756
0.0446989852964117
0.49515494643890046
0.03171967723524305
0.00016008211909190884
0.7641025862895863
0.0944505606221111
0.017179576286927033
0.166080402885727
