0.5999169193762888
0.2057217438250425
0.3160746882459274
0.8240677960333351
0.05841037510176217
0.004066753073237006
0.27062521957596153
0.4835450086252793
0.5238004191262651
0.8324722165546861
0.83491838137344
0.8685894163228546
0.14083305666139156
0.6853044630832479
0.004925847527067928
0.9150961143485569
0.8435258745338776
0.9891781243341184
0.7674364098254329
0.0017278884669973404
0.5192035785666256
0.05784674409932095
0.6666125007701978
0.021489769318406626
0.5193471624944067
0.4853782625023955
0.8398299937254378
0.9241569730944262
0.0018195055160188378
0.21922493974839613
0.0037168260520406005
0.5402802853579949
0.8912675192821797
0.974587355903749
0.9433221975241175
0.4907222451671993
0.9321558537511814
0.9982901637615367
0.0
0.21289497679511693
0.11217611277163209
0.0827300628522325
0.5513954190082861
0.09405024926746625
0.44463876824006854
