0.33933254454521683
0.783654559123184
0.9277189779528439
0.8647113120042158
0.0657004536460446
0.8735314870884876
1.886802047934566e-09
0.757897054883903
0.00015159728167013498
0.003252339853650353
0.2407168261629784
1.2293851792922289e-10
0.49500268444943996
0.00013907112852651338
0.06956319304668952
0.8603352884429025
0.16597327350113567
0.5236912395115969
0.0030994524360632436
0.9928298467934118
0.03781670490058578
0.1480736230359072
0.2230527205780246
0.012525020046562228
0.5960115877532337
0.31068796431414625
0.07802023629740792
0.14292832853407125
0.8056422020744984
0.7813078821714947
0.25971853260250555
0.7672977098667255
0.33511194654526477
0.8879154046802019
0.06376372659060436
0.2651950160882566
0.2049822685282241
0.7515945388335173
0.8787911828602496
0.03531680616624899
0.17057813929063503
0.014712347166704491
0.6179443366837076
0.4628463478807687
0.06716689069249049
0.9271185327395643
0.6592260047422756
0.5523783852109826
0.28749266896318565
1.3293389467428085e-05
0.5824374648770712
0.6200167306197182
0.327452715482633
0.3294643674970148
0.23556622702198463
0.6516326483192068
0.12533192254423337
0.24060246647456895
0.09776843421478576
0.13611007656570395
0.027970384068623844
0.31993950327159615
0.9641331361769084
0.11971480039551463
0.5807485032485178
0.6707857502554766
0.8260229528561451
0.8969399243864518
0.37895776947391124
0.7226987597262482
0.001475201865437148
0.563548642768454
0.2619681693354623
0.5421380078058844
