0.44162637871052124
0.32723320797358935
0.6960432764840346
0.37252482122742103
0.5141479875917966
0.04834759144225509
0.01731491486533665
0.9145066049312323
0.8931411182392224
0.3579817474308682
0.37525344769120245
0.3877895514252703
0.1385911641286497
0.09096162615896776
0.25098699971987193
0.7453333616340962
0.27099598586382034
0.7072818047128526
0.3611009813201368
0.12216610304342712
0.24888559793436252
0.9492177825035911
0.5556128050383058
0.774092818491811
0.9366607706116141
0.09942474974794066
0.5873608569754158
0.43423975355785616
0.29394479375587435
0.45892823615419204
0.33004114777081034
0.0790265522879775
0.01936283268236183
0.2314780540964508
0.6454185330385019
0.10936287187279028
0.5912392226841429
0.23049220211582955
0.2513580617406978
1.2924074652032047e-05
0.16476438523113068
0.4908670439445007
0.1652436532809578
0.7713705618561277
0.037420712043606974
0.03039339702879429
0.7845339707551462
