0.4613632258301237
0.008151454494135457
0.26432476063530796
0.6737164697339009
0.8798948918659832
0.6480878713881236
0.17443004201004242
0.7476428573986393
0.016497825119972484
0.9745291300082437
0.6074404348911728
0.6567845799086345
0.7079742229508669
0.6619469064179967
0.20404879100977813
0.8344270909406069
0.7933052569081793
0.271107298875501
0.5675659124583432
0.34663897952513845
0.7333815591850802
0.2208486649649672
0.053494389352849
0.7809046168752649
0.8206563401079856
0.40335233954354116
0.4839671407181043
0.6658618373632595
0.55903470457594
0.4347778668265292
0.2573971176859668
0.9760175793654305
0.29733034385294954
0.6730268000990542
