0.3187158734774804
0.0471851670114735
0.30598637878863255
0.05439741599478354
0.8109475601694014
0.2975916645346308
0.5559849479436585
0.6041725198621428
0.4644997941937782
0.8066039154287327
0.6356960408284082
0.12187709273079728
0.5217558208462563
0.434575778733022
0.7715708200235588
0.2563999607567289
0.6755716002463721
0.9472456888590877
0.24339135549044233
0.9725682865667595
0.056047288671354556
0.5827020068111853
0.14560190204793036
0.7586324877034105
0.7202834469192303
0.7103640084360138
0.6653314784266101
0.43574833106026456
0.6451760663710846
0.15375144218387152
0.0503119030242094
0.7500381362371518
0.3811824224134366
0.5689399081374542
0.17028290085491382
0.6907385091759859
0.7277600125781736
0.21418735083629845
0.8050429553447692
0.3153990707572109
0.8033400868837905
0.48590940398122073
0.250376588202438
3.04135752848822e-06
0.32948892021806553
0.16491454696533275
0.3675275584048771
0.8188799775864182
0.08569594602471069
0.13250320087000966
0.5821324643480112
0.6015374552564368
0.18325776044057165
0.6647893893720567
0.13381525634240976
0.20009672250097843
