0.2801283847842233
0.8008642808421103
0.6597088544890826
0.7956219623403871
0.5281476701050359
0.8958686247527033
0.9171430630441408
0.5391388562699668
0.8122672564294384
0.0262569744340031
0.2225880156330958
0.14790233020603938
0.30345532166861977
0.8037067838065179
0.3679397566350375
0.294457904989603
0.38244125265995843
0.6730102316112538
0.8949435938031729
0.869354266059858
0.7351521778339206
0.6694701010490943
0.07615774633984862
0.8604143451241997
0.7067398311276523
0.326150963732455
0.8908226077898105
0.6571802526032116
0.8584112734133402
0.5935694445830206
0.905074572253179
0.8370376593625755
0.4248581349219085
0.3978907634558665
0.6447042476909361
0.15253177101324294
0.5172030743934815
0.7396874169428418
0.623374229797908
0.4723195612023938
0.8567734111293704
0.1249571706423096
0.7035374670340155
0.1368909047922946
0.5650406491106013
0.3806953639653827
0.11876203315592626
