0.7718103641904956
0.3027738126540871
0.8348610938331187
0.5030120597546213
0.34831065435810116
0.2932714445933424
0.018429452200654506
0.7880708225212105
0.5488249690454909
0.3015774784130252
0.026565542402273375
0.01162474300154441
0.19963731893274717
0.9204761225848621
0.13339859096308737
0.9815127738123677
0.7836285181193754
0.9664031503015948
0.5776559395443657
0.9784767995944288
0.11596990091338588
0.2560071132486141
0.925905073697111
0.32072895936451506
0.4468110241732455
0.4395603832220806
0.991549611336014
0.2597685243363803
0.6396451328838118
0.35464685470344137
0.8766698393310248
0.23965455349314446
0.7812601502217646
0.5053945909051132
0.05704630723117254
0.7489567016829319
0.7254877130470031
0.4730427219361448
0.06862723572690066
0.9106898064016609
0.708853730589263
0.1091476575561885
0.9909915639565413
0.8708290005761652
0.20653774148975676
0.8414297063611745
0.38289037644237023
0.9469993823774532
