0.9796193465528932
0.5009330654552655
0.0022532234903861726
0.3284591247184572
0.2846330985813459
0.1334808677313839
0.3480359767161674
0.29319495798920614
0.01956563257984323
0.9649790940537293
0.8080091323765464
0.0997931403704437
0.2231123624502409
0.3266839526533021
0.20738927381850492
0.19432919099015367
0.6502364013612698
0.14503970631879584
0.7961791865407647
0.10313905869047876
0.7825158195449946
0.9990180980800086
0.8299159223326058
0.7904897486836729
0.11195474806514161
0.8357870377734036
0.28687986938752075
0.6818734359848255
0.6598622016025723
0.8951928532828646
0.5337344845706588
0.00013447576424615754
