0.40149567188415625
0.0
0.6385118247644388
0.6082375896547849
0.0012485003583339225
0.07631739235855028
0.464770615123532
0.1274114845781098
0.08417096390706112
8.613998403461665e-12
0.5035565089842955
0.5478893444777178
0.08469571718989055
0.9664653458268668
0.0004851193099064677
0.22742822939661345
0.09731855436957115
0.32887417138630176
0.0013545792916138666
0.281772567408598
0.14414675737507077
0.8267495958046978
0.05832972813282322
0.31621318639182766
6.083960140124134e-07
0.9902454142307874
0.5585501566367466
0.11689665595196932
0.0428148497821883
0.6499078494460077
0.7699559470935494
0.0721232199826577
0.03237596236397211
0.02212616052677796
0.19613174750644702
0.15245336223793027
0.00013032766666598583
0.05406929912566444
0.8933018317048753
0.12951167375051176
0.10958228840216466
0.896018721278965
0.6948393138477147
0.18227043295970569
0.003917751581351103
0.24994620214688834
0.47801954346589215
0.04159361643146031
0.39792598208944874
0.5925371882156008
0.006543716754406459
0.0276434579941194
0.23296351915312963
0.0897161567104161
0.00010853361573276061
0.30650671152777964
0.6700920193907105
0.014413733609301982
0.101079325629573
0.4936750844088633
9.001445360978799e-05
0.21591478556129262
0.5571608753131017
0.6862555659748503
0.15250431146125346
0.46817598859715337
2.2153463013818708e-05
0.6087581787726843
