0.2782152924392256
0.42406618979731747
0.10286202969512437
0.6337255852993933
0.05823974243588803
0.8373443173081292
0.00026322380574295146
0.8999639120394392
0.24335881015062277
0.6920544869529279
0.021533292345462307
0.4439977393362291
0.6924104198199341
0.7443117595998208
0.8925993144486848
0.3054679310761035
0.9692307992791257
0.018692155447425085
0.0270887459431981
0.032518479740212936
0.6970021328887306
1.070468972975266e-05
0.01775865020041202
0.12399224977727093
0.04885892006649264
0.31127603726141784
