0.9965334576087959
0.22439836522279122
0.6634955624439507
7.247979993962872e-12
0.35571569767475264
0.00048820626111997854
0.583387530654431
0.36929028971909317
0.7655644204523765
0.19435777970812218
0.4077928940953779
0.2329699893398396
0.27224989844292136
0.02015680596703473
0.4562284050463614
0.38262816814852635
0.0008176920365938317
0.06460691969025878
0.4438131318732874
0.8146058077493437
0.016786835405708134
0.008893655163968006
0.5819177923495045
0.8365900608893238
0.10533880547090613
0.009776452892330534
0.33807900926168566
0.2768235494926654
0.11549091223711914
0.5352388858058686
0.2549881851834899
0.6295776444749113
0.035050223343291
0.4289512000261111
0.009726227332318657
0.6174228019507115
0.6967047977309881
0.21533952654854616
0.12193327321154701
0.32951916865000264
0.1850605748497068
1.3393567819264263e-06
0.0042299229581554965
0.8117659622582429
1.4643908308187292e-10
0.005504351818673703
0.20493161215778377
0.8856354148268515
0.014724395507388577
0.2065809855249734
