0.9613571435919083
0.06200537160892816
0.0003181509467542476
1.3744639550949955e-06
0.13801635283059596
0.6621250471689837
0.5731444294840919
3.1485145848781855e-10
0.09391734454436684
0.2410942257422566
0.08094126955476866
0.9141847598855017
0.1176929721671538
0.35120414804350114
0.4030265266906672
0.698446274920486
0.8497631052630081
0.03186499833731138
0.570832657085141
0.9188909144286767
0.7843092989224794
0.3155845093716996
1.9984014443252818e-15
0.036726650793784454
0.12887929838873946
0.01669085358706579
0.4836890951946819
0.3994635413911565
0.7754291494134598
0.00025741763813025287
0.27037751401134
0.3469925454878364
0.6608196104740081
3.305583260481571e-05
0.5761276809676228
0.6066732473116085
0.0313000565098326
0.9152475430435055
