0.7861363875514211
0.09781285189512919
0.9972415023160632
0.13186739180607732
0.03277210855947707
0.7094911679078273
0.007780832852749314
0.27962751240718386
0.593206199920957
0.1318666046717003
0.8305068051321476
0.4644753089040998
0.7975872889207557
0.8096889709980798
0.019016302971872786
0.8836908562697368
0.6430333145592928
0.9859383200017962
0.2273600071715789
0.1771381489183952
0.0039115291726157225
0.6471803216856655
0.017167905406628936
0.814974445393787
0.03593072752397819
0.008944292137137433
0.7075149895986927
0.00015687818405329956
0.22126461047986049
0.0005054852422066158
2.308603177714197e-05
0.302572388493461
0.0002267866601854962
0.05503253815455612
0.2080070389698125
8.764781773695773e-07
0.7093175515974777
4.176135437461426e-09
0.16693070345108385
0.5336134038366755
0.4477421118483509
0.2581034284586281
2.605568396751856e-05
0.3818001022378905
0.17667146909249
0.5601004484666199
0.20895330433087111
