0.7528149564340945
0.6014120985845672
0.9167739540531239
0.7857732794957133
0.013596392835354475
0.12344892439970716
0.40305275201646507
0.519098662931088
0.09558230046913921
0.2143320244876927
0.7829796941294669
0.8717930688888325
1.9849700934049253e-06
0.819040930771498
0.7190793108214975
0.3989240115277213
6.0031746593747215e-06
0.01138893239403549
0.9241312327923091
0.21677318373948018
5.5826522223023645e-05
0.10837534036127616
0.5877353624024695
0.7842756251885703
0.5693221403691883
0.06536699076036356
0.7835420786598275
0.08716778189805534
0.29354449377531466
0.3136013696608353
0.2467895735471688
0.755889596313785
0.04269561041474712
0.9106943017969995
0.9270483954095723
0.4727030768039331
