0.11905501623454422
0.6773647258686595
2.2587673764127965e-05
0.005131569515991474
0.6487125130151836
0.18622960052538287
9.325873406851315e-15
0.00042667344789726336
0.7098112754872301
0.38707766624366813
0.025437124823925794
0.00025874337319198304
0.023532818038829006
0.8941529945409225
0.015550717316674297
0.11328158255015519
0.001518956268578453
0.2070878132296861
0.3466558752599771
0.3472691551022917
0.03540688948375337
0.08969557897755687
0.07489011354330732
0.7578573435070024
0.14469380906272836
0.1672429130401225
0.5617318486107423
0.009901055344781584
0.07857731831779269
0.5766287763841287
0.1418438798801127
0.1650932666754536
0.519840257677965
0.4066424716831035
0.01887396893472356
7.34564352431466e-05
0.03812618178168291
1.3024437484077112e-07
0.9230830450744463
4.3787999073854875e-05
0.32603225477569897
0.04335667686848321
0.14614612519144052
0.46090438107043497
0.05536989142970361
0.8206822934491791
2.756719610808034e-06
0.00016693371426246273
0.00013107709160902617
0.8246131694393699
0.17904573924808723
0.2816416137724487
0.16411579248863584
0.7365868484964926
0.019856908787102556
0.13440123908612045
0.6804357933284544
0.005281577314305274
0.10360210585972962
0.9306096334606397
0.7949247112454236
0.022977870972326526
0.6225933997026872
0.8175752195934406
0.04030692531566582
0.030113842879814917
0.8347551203145095
