0.3031298847123731
0.9008161971462896
0.6336079106706869
0.0023316961909614076
0.2884247063708114
0.17111683734172267
2.135481514220494e-05
0.674400610063459
0.1971566816435737
0.6818787154731412
0.13325828126206019
0.0815724331441341
0.3128295731299084
0.7358156660760664
0.8186675269070778
0.7518326831871864
3.9032018745555064e-05
0.8990923364406376
0.25013836178434157
0.33357162793699
0.6284518925870997
0.0548120865164603
0.20031868978351586
0.24493559111440533
0.9845438907313209
0.062220334351214115
0.0004763565299126249
0.00647933163660408
0.06512721636656972
0.5924546135402056
0.016858353796291636
0.07170205630185013
0.757691446653969
0.653553607439861
0.16997057213475467
0.7656266363740729
0.0007797530106265963
0.049161199731693195
0.026958799707888614
0.4125113251237997
0.02932725158523082
0.07289570431897907
0.03425244012345163
0.7429406502148688
0.00018436216912354197
0.4763357035916602
0.3908496342806629
0.8496923114544096
