0.9025584476036708
0.08422665624475978
1.0183121457174593e-08
0.7290429497926945
1.421233747445072e-05
0.025613492094032075
0.0034263392882231945
0.5595718762035735
0.8565539988764337
0.3337740322377549
0.13304356250867788
0.4407583009493557
0.0035303858064896776
0.24161783573914897
0.39400972315375804
0.3442305089929312
0.859890320793169
0.6186983151526834
0.14259782219392791
0.8514739216416098
2.0023169469141067e-06
0.5046791004128166
0.11787227146771759
0.5432592642908309
0.8872679541946389
0.5110308350310732
0.21594405373188752
0.833305867948826
0.16570672486809435
0.3605261989829087
0.05234255981004732
0.024082023219484675
0.274243706134718
0.079711969667137
0.0008505933782019248
0.4931517973228732
0.6575911959068788
0.5882462987037705
0.9443998184479516
0.616060659984982
0.20311680575515467
0.4135161314442131
0.010621155729692022
0.43415558925137043
