0.7382428407441566
0.5616081083033645
5.8602659147588554e-05
0.3527478198048055
0.6452701530658191
0.8101628585572277
0.10382039322991288
0.9326085421055132
0.32616363003293036
0.49198363087088154
0.8795550431192065
0.8573558238312119
0.4448267206758102
0.4431026642078102
0.4381275468756938
0.5088753718541745
0.0019735537036273954
0.49573598627140614
0.7393276368083482
0.6455498059137559
0.15481924799259295
0.1731110574275774
0.5972748688047469
0.6874267547322369
0.7871497137763519
0.4301731524269694
0.21056237064951058
0.2845134830586047
0.6537662283290628
0.0515193651266046
0.6809067748814507
0.9346822988105883
0.8476048839714421
0.007040399358043237
0.39848374983213564
0.020120498063463943
0.8845815976192075
0.8473482455569471
0.00020265349935044696
0.9241131071948718
0.9286178044147124
0.03149361043510068
0.5446641419211615
0.05339912083385645
0.6260544697478203
0.7295146310540208
0.6821683296776103
0.7747024258194372
