0.5549857920382073
0.07597080246110388
0.8623242476748876
0.2568925419632049
0.18539475859989044
0.830389832125187
0.06924309254671712
0.5468695998314042
0.5400515331862019
0.7213313261919372
0.9780437644187003
0.24422691075113112
0.8552723014005321
0.7935723115596465
0.4563144618374164
0.07280876751885379
0.08907816728521589
0.6051653134775861
0.9259699034844703
0.927160563798396
0.23962696316251064
0.8060865526594656
0.29395822752891204
0.03232469645633978
0.879641871734832
0.9056085913317754
0.7573111430751003
0.7011468369810665
0.7696246143212735
0.11312909117911342
0.8041211090545821
0.9545394808615938
0.6207098176277931
0.5787162547644678
0.5213370280598568
0.93076151099785
0.17266251240960231
0.8936242996115488
0.40767043976167705
0.21243743572945384
0.2323854466719672
0.5747629074576903
0.08039997623577877
0.8693888908720255
0.07571117183173322
0.2925721038361153
0.5204247215664282
0.9298811130665425
0.657774362250584
0.04066200073626179
0.20885497536778175
0.5872905704824324
0.24120479288501998
0.6552489268111037
0.9666283179423673
0.43008752746420575
0.21534535085863332
0.2970570082192797
0.15793353851893865
0.14711991408322267
0.6032363437459876
0.3903597095389597
0.5091166329930601
0.03482310159907683
0.9189490744587516
0.4254082073690866
0.6606814361649822
0.3087601897858561
0.9309037012344654
0.6290276349105881
0.7043472650044926
0.670548377662531
0.8055496627380219
0.8709157491031789
0.055778414530491593
0.8372987932640604
0.9532689220041013
0.1305135589069284
0.885301599651052
0.08518788231569277
0.23388394834989
0.7050603965168103
0.21795279815273028
0.35842984736593225
0.5652249654530075
0.8123892398671384
0.15245261285485287
0.24786214816906194
0.5094056534960336
