0.6042204361558718
0.8048842642320158
0.37630964256684896
0.9019145887325586
0.6776407875263931
0.48774167658764805
0.08721203823996981
0.2683146709196558
0.8737639943244682
0.31206687288759877
0.03202589768278297
0.4200609731962488
0.3376407499413183
0.12092330624617459
0.9217485044999908
0.6394967545934789
0.0954757734210463
0.3963290816264071
0.7190517381159724
0.3618519832214819
0.37750639008301184
0.3293186466671276
0.22817656712574363
0.7787592416889608
0.6928129692495741
0.5103228509492805
0.23727574342662464
0.9526201791493462
0.3944536429194352
0.9790006962303688
0.3293490508241819
0.27108009908977415
0.8181850557014541
0.9545912195125509
0.09327932795010616
0.7323990612778848
0.5582667640717064
0.11641296742222274
0.9829607528308519
0.2019181156289755
0.8090358253631669
0.5381314938302373
0.8942093376920294
0.050147093544175236
0.21427006311571462
0.9382997180006234
0.7827130124010109
0.5739078604489194
0.9799070378025441
0.9703450062259333
0.16998643293498752
0.9334801844944065
0.7693907103171855
0.047441720238950325
0.7491922324259265
0.8908402417276888
0.6667485102309391
0.501318974297434
0.19264255677985084
0.5915236002945086
0.05645762997629622
0.9828666111734661
0.8485642646748819
0.6864403881441297
0.7611642901141007
0.7329659605607008
0.13132078813666292
0.9418377044572394
0.5943522092949127
0.059390337753105094
0.34423039616304263
0.14718779353669598
0.11719062045143103
0.354546710303215
0.5894223126710963
0.928829957745871
0.8209590166771548
0.45001388331608644
0.31443058105155086
0.4810979547236617
0.021769050178162993
0.39036637894089776
0.9709375477848411
0.8462200379023517
