0.26979647850769134
0.7014091484381726
0.6333664207554869
0.35671524508912245
0.2237514653657946
0.8848075762438471
0.9319139794150249
0.7382358780290504
0.305087664549267
0.44157177994764146
0.09445337587292957
0.4219831956317006
0.3314628747602735
0.612779835314015
0.2501005116287364
0.39591802914339996
0.19569874862648415
0.20915056144349342
0.5661833310936177
0.37415851183102644
0.9772032105413329
0.22728761600699987
0.5037342690199877
0.8804973659357596
0.8506772185775251
0.7068645478282636
0.9095293774701594
0.9914786541804856
0.6528744877899579
0.20852268953480074
0.8971323357528767
0.4548759219890379
0.23969382073984208
0.42018735387277806
0.39387702885351766
0.7084285077177681
0.6223258715832076
0.2225065328597553
0.6121363688602067
0.8964946223258663
