0.6752490086837759
0.6867020562118367
0.9155718778139474
0.29019649113729207
0.2574113379602909
0.375305307959807
0.07271007653067352
0.6892600338917954
0.8671640619470082
0.044313904580024044
0.8754585798932986
0.8411426640725133
0.1748968352208555
0.30402872665079783
0.4265520746707724
0.12384998602384023
0.8444892998538684
0.1568957614122366
0.21073066007164082
0.7128958016203204
0.22251206439452026
0.5608994572223192
0.695806195707109
0.41192234672881867
0.3067748641746224
0.6523502320035351
0.11335193286967904
0.7078980868664773
0.6927305236886698
0.8105737384181009
0.6529671793652568
0.27256907037364503
0.5148426843502744
0.08045448604911677
0.7110103409818589
0.22083152429210112
0.9405750440105258
0.7825422978280482
0.9721877604304313
0.20968079445031645
0.11908902225935059
