0.12989494356042858
0.023943351395010914
0.007900581166424414
0.7291673480487522
0.8539475716740359
0.945828882556702
0.5469787007387095
0.6619956511786558
0.8990969237610372
0.40156396111616455
0.43035097766748626
0.4237375336026277
0.4636993778428385
0.6307547101035644
0.05403729382092304
0.6127204646397357
0.9239774583249543
0.6521132976659747
0.5925807962660314
0.5904993408320938
0.8923186470554607
0.10574650564919937
0.3343509873393862
0.7656783277662049
0.11391002625778697
0.819567036697797
0.6328279085803097
0.8752254699316726
0.03434422527800174
0.07426304973260335
0.5102408634584881
0.866340907983565
0.8431720479436965
0.8203741918757914
0.29767028245109906
0.4059644679146378
0.06429250173573786
0.0096546401238291
