0.5887647342528837
0.16907852771067422
0.34103757188969724
0.8708474495755791
0.11770147236817133
0.3244464796972024
0.22444266735396956
0.7289201700397601
0.5411465464873093
0.1699153377941727
0.2974248813848597
0.047533203816754854
0.30499371503837236
0.9868606210884614
0.2137154029399455
0.9984990551758068
0.12776163709476007
0.9152690826678449
0.23007848240024775
0.062335038710202184
0.5147163424586003
0.06664663456470392
0.2719560415532183
0.25159187278188855
0.8079268099534656
0.7455011936320877
0.9932959218852441
0.026251481632143303
0.5141730171622052
0.17327335270452152
0.47783178980844165
0.10443539957791184
0.17246833270039852
0.9339178617478704
0.9111124207457821
0.3332181211186201
0.39589086133811874
