0.17006933151676962
0.1845254612442644
0.4920598031413053
0.09788468778868609
0.3544586071969099
0.939775797896306
0.09706961999833608
0.17926912000716677
0.6344571715250604
0.08041615020836956
0.8351430887338198
0.7718323007932033
0.1035599122056411
0.7034517404984372
0.8946144827611684
0.7997243700398828
0.7178100770922451
0.704368617054308
0.6556741277819349
0.27549928359992326
0.8622952880177513
0.48629571841369423
0.7786366311464437
0.8972387525315727
0.1364577347256266
0.35483609178562997
0.8828938950378462
0.03644701745291434
0.029106670184531058
0.9108242997155
0.5975344962206408
0.46188260066052766
0.10351587922477949
0.2457628779277603
