0.7085481637707021
0.44873770623546627
0.925544280877652
0.28812633915990304
0.015980746584717043
0.11183676664203501
0.11038160089388267
0.434044823516367
0.9833938744119349
0.06573616817715687
0.41635974972157075
0.8070215422819041
0.17719144547119337
0.37190295780346566
0.0952198066227452
0.21307055477757042
0.9689014481342231
0.7482125442616694
0.11323777599174911
0.3604599323842199
0.8782049884720202
0.8893786384606097
0.5987294901210265
0.5891996053757823
0.39899675138297264
0.27456790233466766
0.9806744559107958
0.14824598698995595
0.9751668229586472
0.4432553159331709
0.6070178576532728
0.13220040161511015
