0.0010880034641320702
0.20815805279680336
0.7948474843414476
0.14694298844069076
0.11100051777034414
0.07368071700359152
0.6332878505411323
0.50721789685438
0.2992339642927754
0.03078813605250641
0.5158032042592959
0.7242892019952634
0.433198314813267
0.344208773510738
0.3110972240185266
0.16016624889929854
0.48409899005457274
0.8462132910667253
0.43180020999239677
0.5424864462246528
0.06165313316144496
0.7119202418678764
0.17012541052664232
0.7391883228646177
0.5273714961093825
0.37092976074973194
0.6476867227668355
0.25374074619872133
0.7275272548590275
0.01947598583860425
0.00024887706589882264
0.3832014993914883
0.2451849189498223
0.8803660496658063
0.27674304186768683
0.19003320749424027
0.5651736018514151
0.2086264114924162
0.7739860090307209
0.4170078965905588
0.22155084803571157
0.21954744407022006
0.6752730374527091
0.5582629944950126
0.9669222995737012
0.4923900928231218
0.7399334312453962
0.3842267066391451
0.04867281207939767
0.8793178412592336
0.9817071853558785
0.6417298830616796
0.008423066431981985
0.014955913539452359
0.9311654699652286
0.2609084648614693
