0.4483114820485728
0.9920096777826881
0.2509398408905128
0.7931022982793315
0.2838310358461724
0.3812004981649384
0.686240477768767
0.6843396163867119
0.20566615161687452
0.7689619186188037
0.3154900960150677
0.717406555573534
0.10540327900588496
0.16814712192331793
0.2195055563147401
0.7988966355730285
0.8162472709436193
0.019954439244256328
0.8729805091109762
0.5948845798345578
0.4247815172580045
0.2841932518485411
0.8540568121512919
0.7890828380681452
0.54965613438332
0.709457924848061
0.8799057108196666
0.7274629028587061
0.8566742111951577
0.672432479808271
0.01626508501372559
0.47940600097517916
0.989519903051104
0.49491846716239296
0.5364565123951285
