0.22627093224055428
0.925544280877652
0.31781151915612504
0.10454216251491133
2.0326249055901968e-05
0.8386999344323463
0.07430859761512909
0.6463756733729512
0.009955464687420923
0.522972362238996
0.8349568602900003
0.2634985922681165
0.20715502539640274
0.3598907657381334
0.02668698780161871
0.2563555683083525
0.5531619753246536
0.3077959304404579
0.09806294495687377
0.20041274066231063
0.7680358029371355
0.8871119658352445
2.5590256715299772e-05
0.6618112125793107
0.6030919602773976
0.4567910443434704
6.571299060453839e-11
0.0009873783941585224
0.006634910371647873
0.5399483007948112
0.03628518867301622
0.23203920048949578
