0.04342769657942477
0.6714271476782898
0.03843889984076987
0.3063679349839823
0.447303823862316
0.7629909602464864
0.44396683713670404
0.11029642719979615
0.5039036314547679
0.6213051759898658
0.7399454790818045
0.5747132695097026
0.09622201428501698
0.28613766082807235
0.616530539768166
0.9414596832200114
0.19569874862648415
0.7014320159889433
0.09515127428799341
0.15131563064289666
0.37989065732301697
0.18356955989796167
0.26394857352463497
0.01421172445044383
0.035144824899027594
0.18621791483377192
0.7788947819023945
0.06165068112404902
0.60131943440924
0.23482131687171548
0.09968315074437784
0.6048941128899565
0.5663245374159517
0.09870920084437618
0.06368913762826708
0.5273176672736668
0.09822618406316062
0.2225065328597553
0.06253911962714807
0.6009309937502314
