0.9456992070337341
0.39301572780440197
0.8007660769237932
0.00014427272379820275
0.01568476750581671
0.592316069577832
0.04098467833082631
0.23809235031865605
0.32910719536564326
0.23588856842813977
0.25429414605846556
0.2514014598900498
0.24043374607401646
0.4759198650671992
0.46610633987639116
0.6429887593324615
0.146544556518575
0.7374476154755583
0.9886116850557205
0.13090366370822615
0.02215961370115534
0.27981106063578554
0.2658293921538733
0.8608694571325222
0.26704040881141156
0.8946356190019082
0.4661005210388711
2.259898417955597e-06
0.6641541488186586
0.20776992428863972
0.8728014893686118
0.8448999657291947
0.17712721206946425
0.16045577233609598
0.7617443681763467
0.03328826243628602
0.17199172525228135
