0.0003834855313402663
0.8257352839030379
0.028979869806635472
0.40530161572140266
0.08487432322648855
0.3784145792061482
0.9044728800892392
0.03164271663757634
0.09797764076738168
0.4745282639469568
0.4889804307606067
0.48413043098932285
0.2334121159893512
0.7312384479121827
5.9268175259807876e-05
0.037378129362567014
0.00031291113033549145
0.10682837164947334
0.3348250778044375
0.07908569284892164
0.7051719452281858
0.9806455430201693
0.5448439206830757
0.9724143033725435
0.3211711010618416
0.8941404952037533
0.006878789693813392
0.1802650630193927
0.08637288637793594
7.433162974024299e-10
0.061836372961929
0.4407373529729599
0.9925687743393328
0.10041343191146422
0.2075448431958761
0.40293819476934734
