0.00047599068477643947
0.023670040617962452
0.47426523177403435
0.27256501678659106
0.08979972797570615
0.095188724108783
0.8317508602870659
0.8701823038730183
0.9684381286063992
0.08125646984802914
0.015404546754614576
0.227724205195434
0.848721888536759
0.8468371841956186
0.46728930877702024
0.5579073740697744
0.07036122310398829
0.34641821526108296
0.9686310694245921
0.2277320116801572
0.027713622712094654
0.26618719477362474
0.7284874990436152
0.9990850567722049
0.21230694631748936
0.41136321376854856
0.5238646549944643
0.06679408961070442
0.7096205614539235
0.7024983096030953
0.14855020983526906
0.098459908924869
0.9936676391244283
0.5742025655324912
0.8537041765772926
0.7508536629240373
0.20950891414621275
0.11729634154039936
0.030875257413278012
0.2323854466719552
0.08871446321357168
0.0007414085067762866
0.8770384146945858
0.38608435762641624
0.9253334714182051
0.22751573496533384
0.2244941165648292
0.20251041802630554
0.01128188117799049
0.1692718720840054
0.04456147552534784
0.6840542363769726
0.5769771861960669
0.5750110921195066
0.05063978414010295
0.4007829605440794
0.011315772812201752
0.0004435603461010462
0.7314653952260468
0.8962129408908535
0.024690213258967454
0.7846115949884973
0.6542956743863726
0.5671445128040979
0.0011393404112114425
0.9064192364182149
0.9524890236067567
0.2706679301036674
0.156909424757242
0.8642650267566718
0.015124343467278534
0.13552671370270253
0.008037465030628299
0.946553697012694
0.5584850261430123
0.004875135539233859
0.11549053575694956
0.10335321475213188
0.5745409810977791
0.057489901261182794
0.8276114507528739
0.3094177946663911
0.08378514186914843
0.011143402854971791
0.006263939944797459
0.23572232899445456
0.19164676671809144
