0.14041243504518827
0.9578436943066608
0.5501491053148064
0.3438188197508249
0.18275397960882533
0.007146292940960919
0.0015731631235065269
0.741120373005727
0.00834353436539681
0.010621212867602203
0.07305151906528629
0.15452857887937027
0.036570382356628794
0.4191503154325759
0.03806194834494736
0.174351709196354
0.9227743724895827
0.8322419589175619
0.19313433332114882
0.0
0.49722126070892836
0.4734593267895044
0.6839619211042545
0.8563656545372931
0.24167443251296716
0.49974976392751413
0.05126596234287644
0.0059597773335007265
0.4497957007389411
0.28215631407164543
0.0
0.7570226338741526
0.8592715529878268
0.49491846716239296
0.025465338988790664
