1.023709472747214e-08
0.0016325052265200313
0.10213806648565504
0.003654737738060909
0.6659461938702761
0.559544052875172
0.0
0.005548601502294748
0.028839444584284113
0.43113499632086105
0.8686665272005032
0.7253225331082853
0.0020525192090867783
0.7330447006332643
0.4636907563456314
0.051295381513313476
4.2457655635708136e-07
0.5486967577149562
0.07753332361167638
0.5414832701605954
0.009896869712595402
0.033728912761694874
0.9479835175280452
0.90789333149584
0.44566438228393523
0.2678880601835527
0.6033273208616058
0.38682476306739355
0.00033722185648032976
0.9645454407521877
0.26776974887733407
0.5238223384221038
0.5687775026051811
0.9248510434403765
0.9239387266819785
0.00016565010460856122
0.08772222078841319
0.29274946591118134
0.7734125726686443
0.0018361257053729485
0.9084326706739011
0.002859711816368904
0.8382197094356625
0.20599461909923272
0.021414553817962423
0.00013050988424301302
0.44684480470979404
0.24258558668500446
0.09757010699494062
0.17069415466259807
0.5569422318567216
0.18561030798029687
7.388561208410138e-06
0.04265776370581298
0.008099616933891385
0.1169032687724191
0.30341712144793154
0.4034486559077593
0.1387005950691922
0.4701564943896709
0.3965997254431648
3.647322235528046e-05
0.8346318219468624
0.49215333411486406
0.49619197469753873
0.04691925005489406
7.385990867136982e-06
0.8170404822397694
0.01430270180635329
1.0140535078306812e-09
0.44568375964058604
0.00038076942369369426
1.3184571414415203e-05
0.11584706536829172
0.8675195891360423
0.0009411731058808215
0.5943344709904611
0.24681915839042068
0.6614576043223827
0.012898963834233834
8.692439737867375e-05
0.32259908038141516
0.8404750272692469
