0.7838071007445144
0.13259640004487427
0.9942112324076857
0.13680484626724865
0.1489265726028803
0.968073325259063
0.6646623930014435
0.014823604886303965
0.9957933395332961
0.9424500254184273
0.04111454924826585
0.6684077112722306
0.3455999319449928
0.002775592120161604
0.06045147634293424
0.7772899003810074
0.3288313742733162
0.9409528036044337
0.5321242032573792
0.8793167845957452
0.10015965650633067
0.12661024538366286
0.5608994572223192
0.2237017256336058
1.290079154614432e-13
0.3289582376369782
0.8028011559294638
0.11335193286967904
0.6416570209711183
0.051176339146572936
0.00957639749880402
0.0004501645701216911
0.18375419777885504
0.6609810936940931
5.395500519700391e-07
0.39592929734230575
0.7747463944825359
0.10279298722830044
0.19555110581250817
0.39994692595616455
