0.5261891585559033
0.156965593997761
0.0033007723112410403
0.2349480618680646
0.2997672640591633
0.04786407287343475
0.44430827935309575
0.05030250912852341
0.7721113074165571
0.06730459555396395
0.8614834746204014
0.8036916758694557
0.942509380227956
0.9376210128032083
0.28836229578808376
0.10303594898819757
0.2162385309685717
0.13876306225534793
0.4618368673833453
0.9069038221162811
0.574155046664315
0.1823477032128513
0.06349403755120675
0.4011917436843698
0.04773486172936403
0.5005278024153956
0.5638403884814145
4.441145127875856e-06
0.058442979229104575
0.12756121533656825
6.91180786103196e-05
0.03377967329221865
0.11124351128195142
