2.6792679186371515e-10
0.3767143409360083
0.792086859385216
0.8099566451715122
0.0227500956775204
0.1356645829925387
0.28357791470027616
0.03776068569979896
0.6245027764001223
0.13458665353086638
0.13410994553102817
0.9983996624422558
0.46394589878211745
0.08281683072943902
0.009363516227810953
0.004408912296984369
0.10524334536712783
0.34585050694575725
5.828207964642118e-05
0.22579558157502538
0.17544206827609843
0.1841630141154138
0.11961736599832506
0.8117455136547804
0.011387192761196818
0.23218170832890483
0.6868289996060559
0.41441726214971575
0.6846252405206212
0.6525694222359311
3.82446339042275e-08
0.39311564435597685
0.8803660496658063
0.6074315404794487
0.012857977333796455
0.02010338291006826
0.14965998710047135
1.7865864121002772e-05
0.0935247214329944
0.08180812337619936
0.23378570575907354
0.2280833981835786
0.8071216067618467
0.006542079868951278
0.02597590661983107
0.7399334312453529
0.0001606054267009327
0.05386629413515299
0.8829397939730518
0.3492034222542013
0.24106215303871692
0.1928490612718608
0.0012447264201920216
0.9790042903252186
0.22855911835287723
