0.009856563705925029
0.5953891805251159
0.20927564304426882
0.407597726835247
0.3173865817032213
0.8460789865312446
0.7491422246413926
0.8956649008738474
0.02355159316037837
0.24144800373227265
0.5956372104523022
0.7658373435293766
0.41906901120524825
0.2926603324418185
0.2403418872171179
0.5490351535614051
0.6646936818347101
0.9808862842401971
0.3863320232618399
0.6982548233968536
0.25828513899785466
0.7175505214991291
0.7645974095839188
0.304002991624626
0.7150024295127583
0.9238529065381402
0.47321888918718713
0.7188606784246787
0.514377414747331
0.2737149332968743
0.40935682322414646
0.4325348124041628
0.21856353029070164
0.634231436146471
0.29237303710015183
0.8202014109068656
0.10979369068371847
0.8450865271005192
0.07791451902904445
0.36429743975184065
0.2949638099354073
