0.15041062626516233
0.5503751494626665
0.0803777101922949
0.6770417945592526
0.13594275389272448
0.2873203344067956
0.7017608884996424
0.0371052326080181
0.9763821013270622
0.9295829666819658
0.055088732618343794
0.2397675989822814
0.7751172793554488
0.540020657464777
0.6144126973095928
0.5721001521653882
0.593131955831536
0.23107303309628802
0.9577672704325197
0.7301274283365509
0.7259910369102307
0.692948203955567
0.6624336125045953
0.3182425118800494
0.5003744279460576
0.015169163799341504
0.08657465550966736
0.7417893497822854
0.14317736247499369
0.20267002425391456
0.6194756334662095
0.9891215131651239
0.0806945985622728
0.20684783347852143
0.505600506006187
0.22528955205961132
0.5204701374231446
