0.317407558048828
0.6423950042198439
0.08784988965619052
0.3602445221011574
0.062432527496206904
0.9218194337533575
0.30342114269782916
0.22041364525067153
0.43133450343043056
0.5585428729653863
0.7212823892456046
0.7011004463988301
0.09801979292351604
0.8321732982817367
0.9480310715178357
0.2932548571480394
0.14254496317728038
0.18309950989663204
0.010851842565246366
1.0106155214996674e-05
0.0631627120922912
0.6669615143308689
0.4469468478361432
0.9309004833754064
0.17022647871440116
0.5113238216198376
