0.9500951961002378
0.24891802529657892
0.5500419087334182
0.3990635283406294
0.0498459822566669
0.967279559624235
0.24813528420526598
0.08471153328958447
0.09095053444077039
0.16559916854046414
0.1839118750634989
0.23903352795054977
0.3732154001380016
0.40773554695269804
0.718040375092737
0.011639661348426866
0.9251238871882199
0.20954021257272437
0.5854641350875303
0.2978624593762954
0.5211163209581104
0.8081097374791111
0.09091734388963202
0.3097015606011435
0.5923770252895779
0.49480072581918577
0.024124739630765873
0.7792272412038077
0.08268731994343437
0.21298476392473523
0.43425910074435925
0.5028427380845482
0.3221606364488319
