0.4618206384920944
0.43047055341165485
0.55407583645026
0.0004360313982527675
0.08969826124264246
0.7627082656954551
0.9175600788789099
0.03774028115192748
0.47178029862405696
0.4419533549658563
0.13300687584254867
0.6085627703611234
0.6918634893132627
0.6224308708260704
0.1339916473350687
0.7548164537871059
0.4852836557085803
0.44870803270928644
0.4650296445468912
0.4306505798032072
0.6463484590671216
0.35321966510213687
0.5210192768966264
0.6173035588874503
0.6836398862722257
0.07286219448690577
0.7110788197869691
0.6718608351231559
