0.09028326719013502
0.34514350962457835
0.03658677663024856
0.9771843572658208
0.22395375453569175
0.7417879631971146
0.6872717598238776
0.8608611576958998
0.5479061707428058
0.279316947978117
0.7712931025951077
0.22256373753285752
0.05214292066549979
0.782936142960721
0.43077041345515865
0.6669958077771565
0.32744114393072565
0.3801939102737341
0.781716183509868
0.3171455535350811
0.3261715273200805
0.36171724856571896
0.39546985352429503
0.6100061226718672
0.9272978748076321
0.01835324338671588
0.12544769297355907
