0.04725326655341377
0.9777176682002635
0.6256790773081544
0.1894051423082302
0.33639959559425076
0.5311703404073261
0.7694908468634067
0.24224521382613862
0.5240117389525258
0.9317758590018564
0.7131152383944765
0.22288214172962695
0.2802657488584361
0.9795231015300865
0.06535208647460856
0.9025590371271275
0.06298203870419801
0.4040894489552331
0.601607005541529
0.8471072557608381
0.4080750668052646
0.3908566681378149
0.253640126043758
0.5873273642891341
0.08812175349553575
0.6410823956834584
0.5830507750625245
0.5639192019865618
0.5729391380516056
0.3382669486181633
0.6895633658054072
