0.06386843072597131
0.16483053372588402
0.48572456404063197
0.5059707223894556
0.20062387393206937
0.9908637058008791
0.5483977539491776
0.1842896885020897
0.6295489538730179
0.5620055428740796
0.7915198225431399
0.981095553223662
0.32542501802053003
0.6670764907124013
0.05444548242724001
0.04181611873547804
0.532030480832352
0.44555496125674615
0.2214741282946578
0.604145393684192
0.5996601593856226
0.7166756825344155
0.24157572578426145
0.23061052661146486
0.32910117816341544
0.41732401018417725
0.2697744837488456
0.9848832351903507
0.9601265193191695
0.19092873680150757
