0.22024184059778776
0.2630481151417541
0.033441734104981524
0.14402187456180585
0.565547877570948
0.47198402794770206
0.6946300210907033
0.427101470940763
0.23720866462386275
0.5899446037887883
0.9106643514212748
0.5167357050472943
0.5748729765022057
0.5351970387103372
0.21498980752937702
0.1258018646806307
0.580911074635539
0.8970532242363516
0.9630773237721588
0.5063806829179034
0.8433302830141791
0.5758764407258834
0.6377290931328149
0.9007207058128652
0.11846093105440914
0.14296606241556598
0.03892990696651988
0.3008844556511001
0.12944369638669895
0.4584342884114131
0.1677585112737521
0.0815085362646384
