0.6679820319842436
0.28909792829073644
0.3900444487926613
0.8940471231307201
0.45135223576727923
0.9176414685955254
0.5038723947107805
0.3628585783219027
0.567702176957808
0.293975169836203
0.20889745293008477
0.4991068119235289
0.48160116256663565
0.2899988988573836
0.12041191882916746
0.1121422451728249
0.0817146591576361
0.9816498423798972
0.08510360291233154
0.5195525881370429
0.3060681517022046
0.7285330482070975
0.4524390136419423
0.15657549618120958
0.42032420625991207
0.8003994258133991
