0.9212733030739538
0.8172530738632133
0.8429032982506279
0.3007456542440361
0.049926644300310796
0.7895116945524687
0.6261263607498198
0.29583683808394357
0.636048577161938
1.2359829405950151e-05
0.4243184349633623
0.09818300055427805
0.48264047711294444
0.4228487772879099
0.2074808456078211
0.6788975971611223
0.5776020222542724
0.7909284256650206
0.3278192593137061
0.638283179518037
0.8587041131554016
0.8243687367973505
0.8711125474515256
0.32214333570277853
0.07508515625749701
0.2588549321849227
0.5290887988540849
0.7486536683841333
