0.04017675120564679
0.0008545319613257885
0.25204062524724047
0.028257983093296524
0.6228469592414394
0.15880277149760436
0.14384710685754257
0.3218399377493406
0.9827162895463822
0.6231450788474161
0.010640992210360944
0.31966232241033843
0.5542409900977623
0.12393429375998188
0.03336112298398228
0.26933010454593953
0.2752320451096236
0.6166382789859746
0.07482175359311152
0.8599623054914596
0.006113735774358142
0.4676214176793181
0.10625903123726606
0.39822891623757534
0.3401546524603509
0.0012550920694194827
0.020836140223975643
