0.731299361958397
2.0247930431844026e-05
0.1557258184555712
0.1751040099773565
0.002227773410533693
0.008443768562429899
0.4182308781986482
0.6406018922166699
0.4211737408016723
0.004232151675370055
0.4917786382577225
0.8699385113869673
0.7685234529926721
0.8713481640081935
0.35213873207841206
0.033427671384402835
0.520042713317147
0.11378845153102925
0.14099996930836686
0.5775173988755541
0.1417324178354993
0.5908826494668331
0.06918894783991547
0.8557793622370988
0.8718123200305978
0.27444550654286015
0.472376352348606
0.5471978388359963
0.1436077056042926
