0.7151986379505684
0.4830129233156052
0.9699063323789121
0.1758376499186105
0.14709255351633943
0.6219756848366338
0.7455154958164101
0.011487387809465233
0.15222169816610465
0.8798111310484018
1.525336689240696e-06
0.6925226462991128
0.9325384176370074
0.5384748091804648
0.8918649257384519
0.20780465213615226
0.006992277361331345
0.9396091929747687
0.4140437074114016
0.6102867512613299
0.21778630655899822
0.2852757983287657
0.2414881981349415
0.7486471911854
0.45079043006534225
0.21229939261484368
0.9257635782694691
