0.3261308770121454
0.07726850566084242
3.240010683769334e-05
0.801556594938649
0.7009882583207248
0.001173239283858818
0.0
0.6203959824724099
0.8745081824945615
0.6218351661284385
0.7103316060039666
0.49095823041636566
0.7315127697346051
0.16239332634336143
0.8059562929716844
0.33357366277108325
0.6361616681150886
2.4501162744661187e-05
2.624678593964043e-08
0.08498377169607514
0.009012706908166603
0.6614822088729524
0.7340124731103193
0.0759571060721536
0.45706010670302377
0.00981883999660571
0.7670132934890792
0.6981565546620155
0.736708792420012
0.9614681082854875
0.0015042760001306998
0.8942055416724453
0.4487478746290632
0.7290423157714881
0.09190495704902335
0.331546837180404
0.5593942274535159
0.36581145095318474
0.4103890962535006
0.9453943641604916
0.16781507118129335
0.0833686720476205
0.8332683094588129
0.7787938798701659
0.2790642660642315
0.9429281115066588
0.27974798625180464
