0.13803842208520667
0.02420614694298486
0.017891928194602252
0.9085062040540232
0.1427414827747795
0.6140214709702307
1.8885337738083763e-11
0.7050250476261147
0.014354195074586995
0.40530874642173254
0.00012487806602749126
0.06452848153720453
0.4137725696744978
0.9093994499862074
0.14655324917204388
0.25108947015538474
0.6199516923243833
0.6864310829952944
4.592389426294474e-06
0.5426132262958547
0.8403377512844674
0.0006138508505728613
0.029419120029796967
0.4843858174581889
0.0480760801124934
0.996093902234735
0.5558505711007014
0.9032546505996635
0.2985277985224293
0.8654919189944588
0.6464694827930378
0.6372372381890244
0.9733192020393014
0.07466941504033153
0.1027378673867243
0.7646645531630136
0.3922318455439173
0.10105929055441454
0.873837959554015
0.957610603621271
0.15294983987023736
0.05815662622517318
0.8774961932898213
0.3473502311756743
0.39578350030134035
