0.7402783799501422
0.6134783484305275
0.02132848435517376
0.36830240991562646
0.06323616703660506
0.8512205292295633
0.698541146114164
0.8469241162758072
0.00467571025149871
0.5075175613229894
0.13615423093622003
0.8779065037995176
0.6393856762379483
0.9608237846101223
0.12899997247244555
0.6278709628667931
0.09224393073327208
0.3059331509367411
0.15709845405226708
0.21715299557191106
0.5820948027508376
0.20837831834612097
0.0796483256627311
0.19044292181685588
0.08413171646514472
0.3435196946484136
