0.24863983425123437
0.02081040207262167
0.7655099363714966
0.23547959397306073
0.9085862413237555
0.020459534427341577
0.5138838036434925
0.8409370697784078
0.1348407997263268
0.9307817968383376
0.7826933807676366
0.9744256562681518
0.9240709903130442
0.12713349909528304
0.14038992564424524
0.006890426856852347
0.6287671891290902
0.48124801800815575
0.52011458931844
0.5927918059791724
0.7435793375521766
0.413896401427547
0.41360705911321777
0.3630927097301441
0.38518281835375223
0.1180705832620188
0.1943021812733718
0.14337926130314838
0.5562696342772919
0.6306565673468368
0.8039649416549088
0.5954248252979112
0.13016511682273457
0.9695581602896913
0.9547059010713367
0.7485308986749073
0.3258352727294296
