0.2939599237914865
0.7526894190431562
0.8146265396258112
0.7347365841292437
0.004671979149005079
0.7153013383821301
0.0031343011194913117
0.013577872901302523
0.6389571675131407
0.8518316974972056
0.9835945760258871
0.37013304425773624
0.000578066428468027
0.20600517193048962
0.917583517668179
0.15929084448971484
0.0005901136711123911
0.8649019608780228
0.008582106975063564
0.8527185140810194
1.0804980499434791e-05
0.006945038163371997
1.7659935194203058e-06
0.5212108446188117
0.05063395537901161
