0.0
8.502140791399881e-08
0.5104632187856468
0.0003003535379737521
0.5969098900303417
0.25621968254942695
0.0
0.004821982063628605
0.7354584637227723
0.9130747304420578
0.7259210707920011
1.5513914597420353e-09
0.9048101904383116
0.07534679357553853
6.174953881554757e-10
0.3939317924633916
3.5965105338320313e-06
0.6075190448264276
0.0848565149136648
0.8250113355012669
0.8600017331593397
0.5183682104145632
0.7988508128861826
0.9733275586893295
0.6372094109971672
7.92211132287779e-05
0.8642951347142784
0.05855322781364095
0.02169978025748187
0.00018163268115012343
0.0001748823924712095
0.913567200918028
0.052375996683898585
0.24827432760461
2.4420911257427846e-05
0.5933812940503675
0.529510381220486
0.006598063224761974
0.0007937795467485298
8.304468224196171e-13
0.21170771023882762
0.5128013401919509
0.05481374162335974
