0.7247961912047622
0.9543127304353416
0.6045125965793663
0.06075901237802128
0.486086937046593
0.565977609905522
0.15615779334487262
0.332608776581246
0.18467552492366512
0.08394476182087973
0.9315557710729381
0.7414430012163647
0.8448174838358535
0.9101943756335392
0.01754693974938432
0.9648696071190509
0.20867853556846216
0.20884373791579902
0.8528591058743498
0.44208917933041886
0.35406227769805243
0.29139963059596163
0.641931797604917
0.8327076290547976
0.36785884461524004
0.08403266774573742
0.07735479226212758
0.0008874015585371708
0.0718316509701302
0.22966502464557914
0.005885129063818917
0.04934804239224835
0.4611130838000921
