0.5150346094665026
0.15670617286434177
0.8376303411004236
0.3630804633415885
0.0005060234792532897
0.49045542917740703
0.3953703019415523
0.8186540452147868
0.5427629008788464
0.38828502506261603
0.9801353552938691
0.5894305180221692
0.8041039682634104
0.11285851978390404
0.7062679647046297
0.2805155286311278
0.3369312110668044
0.5662892367577597
0.9898498937895568
0.33093117497731894
0.3627948041908464
0.011488176537338024
0.7377187926636439
0.37495386490518423
0.0016974708030985663
0.3574353842405642
0.8761140558380272
0.0022030736271367868
0.10094035949607028
0.04969504538928904
0.6537585242843198
0.22293558973792726
0.41402126808742556
0.6002949142109186
0.11185472433721033
0.37011530196656106
