0.9290887502213507
0.1270101970815578
0.5293428385494181
0.9619364507434768
0.0015390600547617872
0.3267186391581305
0.5351067780074816
0.6548909461391617
0.5394651411323983
0.6474042065188153
0.09029527568756819
0.9746449705658398
0.5143283435661712
0.7807102945386972
0.26982143652649837
0.4539248378334484
0.8527130740917768
0.5304615022636158
0.4218019501543201
0.0396468038004437
0.6614869091714648
0.6576596793948464
0.30125472200048764
0.0981911030377747
0.7516012275587209
0.9162665144091515
