0.6953927083403912
0.2764693104161009
0.3415148326819464
0.8158032833443718
0.8056407540269683
0.06654107040690604
0.29319586058183567
0.8909440026108908
0.8568405562368155
0.9881963816620158
0.25685114349539373
0.31636868723726197
0.0008721156005555564
0.35032535914226554
0.6987755053864085
0.16751608171412813
0.49749750189794595
0.6121168952113272
0.567771632325377
0.2793312495408804
0.8305473893651296
0.46476725917515194
0.8274422225230482
0.5000199035501893
0.09451584410930458
0.36870447679382584
0.07975443875330113
0.7080883715429359
0.258505953864209
0.03968916806280154
0.6259480870386398
0.7859224154916599
0.251092688150351
0.164314242991213
0.693522220620427
0.9615053202098313
0.484759316860059
0.06445064480432783
0.862820814110945
0.8905537309791849
0.7324595320365863
0.30188208821909734
0.5166806874918111
0.6604607809043579
0.44028135180153893
0.5652617869319558
0.3575616045831864
0.07378990961531517
0.07850020328361809
0.5550796947214882
0.814258053827336
0.21733707196658236
0.015451843316202085
0.1779341562528657
0.7286203232489061
0.11221292285892348
