0.763845152750136
0.20538706597611878
0.25372705474472923
0.8983746163890607
0.43393589911561675
0.6589165031104465
0.0
1.3106774290116974e-05
0.00028712505161809787
0.054694894824455
0.0566771393609542
0.018991973912736437
0.18176056695279574
0.051723656741325064
0.06151481098689855
0.9390905912575247
3.502820922207661e-09
0.15997986175580947
0.42697354016756706
0.0005469189845492828
0.11964795251445862
0.8072363307568114
0.32195851524700675
0.0
0.22519527357100033
1.3988810110276972e-14
0.1010497097591397
9.279335822176549e-06
0.8423507342313792
0.10338253555718113
0.007392636378062534
0.3562881414096029
0.10739469411786473
0.003412573357529869
0.06265886450540048
0.24122718770220522
1.1888268147686176e-12
0.07452613184196807
0.001064148320435887
0.4319446697884657
0.48312144193110584
0.37704005924314377
0.9727092866995317
0.08120613916119335
0.6120011629986184
0.9969881724686096
3.451278951516201e-08
0.3740802090037396
0.4424621926346537
9.525048481062726e-07
0.23165222652898887
0.08909454484734369
0.41803713632075423
